{
 "cells": [
  {
   "cell_type": "code",
   "execution_count": 1,
   "id": "444e10b5",
   "metadata": {},
   "outputs": [],
   "source": [
    "import numpy as np\n",
    "import pandas as pd\n",
    "import matplotlib.pyplot as plt\n",
    "import math\n",
    "\n",
    "import os\n",
    "import pickle\n",
    "\n",
    "from torkin import TorKin\n",
    "from config import Config\n",
    "\n",
    "from scipy.spatial.transform import Rotation"
   ]
  },
  {
   "cell_type": "code",
   "execution_count": 2,
   "id": "94852863",
   "metadata": {},
   "outputs": [
    {
     "name": "stdout",
     "output_type": "stream",
     "text": [
      "No data file named /home/erhan/catkin_ws/src/erhtor_work/tormain/Resources/larm60.txt\n",
      "bodypart structure for larm is constructed.\n",
      "No data file named /home/erhan/catkin_ws/src/erhtor_work/tormain/Resources/rarm60.txt\n",
      "bodypart structure for rarm is constructed.\n",
      "bodypart structure for head is constructed.\n"
     ]
    }
   ],
   "source": [
    "cfg = Config()\n",
    "kin = TorKin()"
   ]
  },
  {
   "cell_type": "code",
   "execution_count": 3,
   "id": "4911fbc8",
   "metadata": {},
   "outputs": [],
   "source": [
    "root_dir = \"/home/arash/catkin_ws/src/feedback_controller/fbc/neural_network/\"\n",
    "ds_name = \"trajs:72_blocks:3_triangle_v_scarce\"\n",
    "ds_type = \"interp_0.85\""
   ]
  },
  {
   "cell_type": "code",
   "execution_count": 4,
   "id": "f1942acf",
   "metadata": {},
   "outputs": [
    {
     "name": "stdout",
     "output_type": "stream",
     "text": [
      "/home/arash/catkin_ws/src/feedback_controller/fbc/neural_network/data/torobo/trajs:72_blocks:3_triangle_v_scarce/train_interp_0.85.npy\n"
     ]
    }
   ],
   "source": [
    "data_path = os.path.join(root_dir, f'data/torobo/{ds_name}/train_{ds_type}.npy')\n",
    "print(data_path)"
   ]
  },
  {
   "cell_type": "code",
   "execution_count": 5,
   "id": "90fb7c80",
   "metadata": {},
   "outputs": [
    {
     "name": "stdout",
     "output_type": "stream",
     "text": [
      "(61, 299, 35)\n"
     ]
    }
   ],
   "source": [
    "with open(data_path, 'rb') as f:\n",
    "    data_np = np.load(f)\n",
    "\n",
    "# data_np = np.load(data_path)\n",
    "print(data_np.shape)"
   ]
  },
  {
   "cell_type": "markdown",
   "id": "6f9811d4",
   "metadata": {},
   "source": [
    "# Sample Inspection"
   ]
  },
  {
   "cell_type": "code",
   "execution_count": 6,
   "id": "6643630f",
   "metadata": {},
   "outputs": [
    {
     "name": "stdout",
     "output_type": "stream",
     "text": [
      "[ 1.10000000e+01  1.31474233e+00  1.15303148e+00  1.13525614e+00\n",
      "  1.44941022e+00 -6.38663018e-01  9.38644129e-01  5.91524606e-01\n",
      " -1.78511221e-02 -3.92443068e-03 -8.91308725e-03  7.77143212e-03\n",
      " -3.90806527e-03 -1.89011501e-02  1.39139268e-03  4.43117333e-01\n",
      " -2.42614808e-01  8.65000000e-01  4.74497475e-01 -1.25502525e-01\n",
      "  8.65000000e-01  3.57385192e-01 -1.56882667e-01  8.65000000e-01\n",
      "  0.00000000e+00  0.00000000e+00  0.00000000e+00  0.00000000e+00\n",
      " -1.77693587e-02 -3.83580150e-03 -8.91295094e-03  7.48425979e-03\n",
      " -3.91306625e-03 -1.89848328e-02  1.31651868e-03]\n"
     ]
    }
   ],
   "source": [
    "print(data_np[0, 11, :])"
   ]
  },
  {
   "cell_type": "code",
   "execution_count": 7,
   "id": "7ed8923a",
   "metadata": {},
   "outputs": [
    {
     "name": "stdout",
     "output_type": "stream",
     "text": [
      "[ 1.31474233  1.15303148  1.13525614  1.44941022 -0.63866302  0.93864413\n",
      "  0.59152461]\n"
     ]
    }
   ],
   "source": [
    "joint_dim = 7\n",
    "print(data_np[0, 11, 1:1+joint_dim]) #Joints"
   ]
  },
  {
   "cell_type": "code",
   "execution_count": 8,
   "id": "ed81ebcd",
   "metadata": {},
   "outputs": [
    {
     "name": "stdout",
     "output_type": "stream",
     "text": [
      "[-0.01785112 -0.00392443 -0.00891309  0.00777143 -0.00390807 -0.01890115\n",
      "  0.00139139]\n"
     ]
    }
   ],
   "source": [
    "print(data_np[0, 11, 8:8+joint_dim]) #Velocs"
   ]
  },
  {
   "cell_type": "code",
   "execution_count": 9,
   "id": "025005af",
   "metadata": {},
   "outputs": [
    {
     "name": "stdout",
     "output_type": "stream",
     "text": [
      "[ 0.44311733 -0.24261481  0.865       0.47449747 -0.12550253  0.865\n",
      "  0.35738519 -0.15688267  0.865       0.          0.          0.\n",
      "  0.        ]\n"
     ]
    }
   ],
   "source": [
    "print(data_np[0, 11, 15:15+13]) #Target"
   ]
  },
  {
   "cell_type": "code",
   "execution_count": null,
   "id": "6c74cfe1",
   "metadata": {},
   "outputs": [],
   "source": []
  },
  {
   "cell_type": "code",
   "execution_count": 10,
   "id": "dddf6f1a",
   "metadata": {},
   "outputs": [
    {
     "name": "stdout",
     "output_type": "stream",
     "text": [
      "[9.71605396e-06 6.01925199e-05]\n"
     ]
    }
   ],
   "source": [
    "qtorso = np.array([9.71605396e-06, 6.01925199e-05])\n",
    "print(qtorso)"
   ]
  },
  {
   "cell_type": "code",
   "execution_count": 11,
   "id": "51a19fd5",
   "metadata": {},
   "outputs": [
    {
     "data": {
      "text/plain": [
       "array([ 1.31474233,  1.15303148,  1.13525614,  1.44941022, -0.63866302,\n",
       "        0.93864413,  0.59152461])"
      ]
     },
     "execution_count": 11,
     "metadata": {},
     "output_type": "execute_result"
    }
   ],
   "source": [
    "sample_joint = data_np[0, 11, 1:1+joint_dim]\n",
    "sample_joint"
   ]
  },
  {
   "cell_type": "code",
   "execution_count": 12,
   "id": "8a198352",
   "metadata": {},
   "outputs": [
    {
     "name": "stdout",
     "output_type": "stream",
     "text": [
      "[ 9.71605396e-06  6.01925199e-05  1.31474233e+00  1.15303148e+00\n",
      "  1.13525614e+00  1.44941022e+00 -6.38663018e-01  9.38644129e-01\n",
      "  5.91524606e-01]\n",
      "(9,)\n"
     ]
    }
   ],
   "source": [
    "q9 = np.concatenate((qtorso, sample_joint), axis=0)\n",
    "print(q9)\n",
    "print(q9.shape)"
   ]
  },
  {
   "cell_type": "code",
   "execution_count": 13,
   "id": "6bf6404f",
   "metadata": {},
   "outputs": [
    {
     "name": "stdout",
     "output_type": "stream",
     "text": [
      "[ 0.4524836  -0.16889493  1.22793331]\n",
      "(3,)\n",
      "[[-0.99885948  0.04715428  0.00749698]\n",
      " [ 0.04687056  0.99831029 -0.0343469 ]\n",
      " [-0.00910391 -0.03395634 -0.99938185]]\n",
      "(3, 3)\n"
     ]
    }
   ],
   "source": [
    "tix = 1\n",
    "p, R = kin.forwardkin(tix, q9)\n",
    "\n",
    "print(p)\n",
    "print(p.shape)\n",
    "print(R)\n",
    "print(R.shape)"
   ]
  },
  {
   "cell_type": "code",
   "execution_count": 15,
   "id": "58513bf5",
   "metadata": {},
   "outputs": [
    {
     "name": "stdout",
     "output_type": "stream",
     "text": [
      "[-0.99885948  0.04715428  0.00749698  0.04687056  0.99831029 -0.0343469\n",
      " -0.00910391 -0.03395634 -0.99938185]\n",
      "(9,)\n"
     ]
    }
   ],
   "source": [
    "print(R.flatten())\n",
    "print(R.flatten().shape)"
   ]
  },
  {
   "cell_type": "code",
   "execution_count": 16,
   "id": "40049cfe",
   "metadata": {},
   "outputs": [
    {
     "name": "stdout",
     "output_type": "stream",
     "text": [
      "[-3.10762838  0.00910404  3.09470297]\n"
     ]
    }
   ],
   "source": [
    "# Create rotation object\n",
    "rot = Rotation.from_matrix(R)\n",
    "\n",
    "# Convert to Euler angles\n",
    "euler = rot.as_euler('xyz', degrees=False)\n",
    "print(euler)  # [roll, pitch, yaw] in degrees"
   ]
  },
  {
   "cell_type": "code",
   "execution_count": null,
   "id": "da3f410b",
   "metadata": {},
   "outputs": [],
   "source": []
  },
  {
   "cell_type": "markdown",
   "id": "bfd29c38",
   "metadata": {},
   "source": [
    "# Stat"
   ]
  },
  {
   "cell_type": "code",
   "execution_count": 19,
   "id": "c7bde847",
   "metadata": {},
   "outputs": [],
   "source": [
    "all_eulers = []\n",
    "all_pos = []\n",
    "all_Rs = []"
   ]
  },
  {
   "cell_type": "code",
   "execution_count": 20,
   "id": "0df1ff4d",
   "metadata": {},
   "outputs": [
    {
     "name": "stdout",
     "output_type": "stream",
     "text": [
      "[9.71605396e-06 6.01925199e-05]\n"
     ]
    }
   ],
   "source": [
    "qtorso = np.array([9.71605396e-06, 6.01925199e-05])\n",
    "print(qtorso)"
   ]
  },
  {
   "cell_type": "code",
   "execution_count": 21,
   "id": "0e466492",
   "metadata": {},
   "outputs": [],
   "source": [
    "for i_traj in range(data_np.shape[0]):\n",
    "    for j_step in range(data_np.shape[1]):\n",
    "        data_step = data_np[i_traj, j_step, :]\n",
    "        joint_vals = data_step[1 : 1+joint_dim]\n",
    "        q9 = np.concatenate((qtorso, joint_vals), axis=0)\n",
    "        p, R = kin.forwardkin(tix, q9)\n",
    "        euler = Rotation.from_matrix(R).as_euler('xyz', \n",
    "                                                 degrees=False)\n",
    "        all_eulers.append(euler)\n",
    "        all_pos.append(p)\n",
    "        all_Rs.append(R.flatten())"
   ]
  },
  {
   "cell_type": "code",
   "execution_count": 22,
   "id": "c54aee05",
   "metadata": {},
   "outputs": [
    {
     "name": "stdout",
     "output_type": "stream",
     "text": [
      "(18239, 3)\n",
      "(18239, 3)\n",
      "(18239, 9)\n"
     ]
    }
   ],
   "source": [
    "all_eulers = np.array(all_eulers)\n",
    "all_pos = np.array(all_pos)\n",
    "all_Rs = np.array(all_Rs)\n",
    "\n",
    "print(all_eulers.shape)\n",
    "print(all_pos.shape)\n",
    "print(all_Rs.shape)"
   ]
  },
  {
   "cell_type": "code",
   "execution_count": 23,
   "id": "41d33347",
   "metadata": {},
   "outputs": [
    {
     "name": "stdout",
     "output_type": "stream",
     "text": [
      "Min: [-3.14159223 -0.06948102 -3.14159232]\n",
      "Max: [3.14159251 0.19336319 3.14159256]\n"
     ]
    }
   ],
   "source": [
    "euler_min = all_eulers.min(axis=0)\n",
    "euler_max = all_eulers.max(axis=0)\n",
    "\n",
    "print(f\"Min: {euler_min}\")\n",
    "print(f\"Max: {euler_max}\")"
   ]
  },
  {
   "cell_type": "code",
   "execution_count": 24,
   "id": "afc89347",
   "metadata": {},
   "outputs": [
    {
     "name": "stdout",
     "output_type": "stream",
     "text": [
      "Min: [ 0.35035311 -0.26325649  0.86711777]\n",
      "Max: [ 0.5212371  -0.07633758  1.30122593]\n"
     ]
    }
   ],
   "source": [
    "pos_min = all_pos.min(axis=0)\n",
    "pos_max = all_pos.max(axis=0)\n",
    "\n",
    "print(f\"Min: {pos_min}\")\n",
    "print(f\"Max: {pos_max}\")"
   ]
  },
  {
   "cell_type": "code",
   "execution_count": 25,
   "id": "a5a655ad",
   "metadata": {},
   "outputs": [
    {
     "name": "stdout",
     "output_type": "stream",
     "text": [
      "Min: [-0.99999999 -0.04946083 -0.06972123 -0.04934082  0.98773754 -0.15042152\n",
      " -0.19216048 -0.14400826 -1.        ]\n",
      "Max: [-0.97770823  0.12109594  0.18069141  0.12114135  1.          0.09470949\n",
      "  0.06942512  0.09212894 -0.97408447]\n"
     ]
    }
   ],
   "source": [
    "R_min = all_Rs.min(axis=0)\n",
    "R_max = all_Rs.max(axis=0)\n",
    "\n",
    "print(f\"Min: {R_min}\")\n",
    "print(f\"Max: {R_max}\")"
   ]
  },
  {
   "cell_type": "code",
   "execution_count": null,
   "id": "3c942481",
   "metadata": {},
   "outputs": [
    {
     "name": "stdout",
     "output_type": "stream",
     "text": [
      "Euler Mean: [-0.24273071  0.00634201  0.96930292]\n",
      "Euler Std: [3.10951593 0.03861868 2.96679283]\n",
      "EE Pos Mean: [ 0.43386127 -0.17777938  1.01862981]\n",
      "EE Pos Std: [0.04539581 0.04351533 0.1066583 ]\n",
      "Rs Mean: [-0.99869348  0.01723911  0.00590579  0.01607018  0.99873905 -0.00872109\n",
      " -0.00632049 -0.0081672  -0.99857101]\n",
      "Rs Std: [0.00261791 0.02997263 0.03706813 0.02865225 0.00230058 0.03687495\n",
      " 0.03853984 0.03539453 0.0033462 ]\n",
      "Target Pos Mean: [ 0.43386127 -0.17777938  1.01862981  0.43386127 -0.17777938  1.01862981\n",
      "  0.43386127 -0.17777938  1.01862981]\n",
      "Target Pos Std: [0.04539581 0.04351533 0.1066583  0.04539581 0.04351533 0.1066583\n",
      " 0.04539581 0.04351533 0.1066583 ]\n"
     ]
    }
   ],
   "source": [
    "euler_mean = all_eulers.mean(axis=0)\n",
    "euler_std = all_eulers.std(axis=0)\n",
    "\n",
    "print(f\"Euler Mean: {euler_mean}\")\n",
    "print(f\"Euler Std: {euler_std}\")\n",
    "\n",
    "# Normalize to ~N(0, 1)\n",
    "def normalize_euler(euler):\n",
    "    return (euler - euler_mean) / (euler_std + 1e-8)\n",
    "\n",
    "# Position normalization (for end-effector)\n",
    "pos_mean = all_pos.mean(axis=0)\n",
    "pos_std = all_pos.std(axis=0)\n",
    "\n",
    "print(f\"EE Pos Mean: {pos_mean}\")\n",
    "print(f\"EE Pos Std: {pos_std}\")\n",
    "\n",
    "def normalize_pos(pos):\n",
    "    return (pos - pos_mean) / (pos_std + 1e-8)\n",
    "\n",
    "\n",
    "# Rs normalization (for end-effector)\n",
    "Rs_mean = all_Rs.mean(axis=0)\n",
    "Rs_std = all_Rs.std(axis=0)\n",
    "\n",
    "print(f\"Rs Mean: {Rs_mean}\")\n",
    "print(f\"Rs Std: {Rs_std}\")\n",
    "\n",
    "def normalize_Rs(Rs):\n",
    "    return (Rs - Rs_mean) / (Rs_std + 1e-8)\n",
    "\n",
    "\n",
    "# Target positions normalization (indices 15:24 in original data)\n",
    "# 3 targets × 3 coordinates (x, y, z) = 9 values\n",
    "all_target_pos = data_np[:, :, 15:24].reshape(-1, 9)\n",
    "target_pos_mean = all_target_pos.mean(axis=0)\n",
    "target_pos_std = all_target_pos.std(axis=0)\n",
    "# target_pos_mean = np.tile(pos_mean, 3)  # [mean_x, mean_y, mean_z] × 3\n",
    "# target_pos_std = np.tile(pos_std, 3)    # [std_x, std_y, std_z] × 3\n",
    "\n",
    "\n",
    "print(f\"Target Pos Mean: {target_pos_mean}\")\n",
    "print(f\"Target Pos Std: {target_pos_std}\")\n",
    "\n",
    "def normalize_target_pos(target_pos):\n",
    "    return (target_pos - target_pos_mean) / (target_pos_std + 1e-8)"
   ]
  },
  {
   "cell_type": "code",
   "execution_count": null,
   "id": "27ba58f0",
   "metadata": {},
   "outputs": [],
   "source": []
  },
  {
   "cell_type": "markdown",
   "id": "736b2b15",
   "metadata": {},
   "source": [
    "# Create Dataset"
   ]
  },
  {
   "cell_type": "code",
   "execution_count": 27,
   "id": "25e6aa6c",
   "metadata": {},
   "outputs": [
    {
     "name": "stdout",
     "output_type": "stream",
     "text": [
      "(61, 299, 47)\n"
     ]
    }
   ],
   "source": [
    "# Second pass: build extended array\n",
    "# Adding 12 values: current timestep (3 pos + 9 Rs)\n",
    "data_extended = np.zeros((data_np.shape[0], \n",
    "                          data_np.shape[1], 35 + 12))\n",
    "print(data_extended.shape)"
   ]
  },
  {
   "cell_type": "code",
   "execution_count": 28,
   "id": "6293b386",
   "metadata": {},
   "outputs": [],
   "source": [
    "for i_traj in range(data_np.shape[0]):\n",
    "    for j_step in range(data_np.shape[1]):\n",
    "        data_step = data_np[i_traj, j_step, :]\n",
    "        joint_vals = data_step[1 : 1+joint_dim]\n",
    "        q9 = np.concatenate((qtorso, joint_vals), axis=0)\n",
    "        p, R = kin.forwardkin(tix, q9)\n",
    "        # euler = Rotation.from_matrix(R).as_euler('xyz', \n",
    "        #                                          degrees=False)\n",
    "        # euler_norm = normalize_euler(euler)\n",
    "        # pos_norm = normalize_pos(p)\n",
    "        \n",
    "        # # Normalize target positions (indices 15:24)\n",
    "        # target_pos = data_step[15:24]\n",
    "        # target_pos_norm = normalize_target_pos(target_pos)\n",
    "\n",
    "        # Append: original 35 + current (pos_norm 3 + euler_norm 3)\n",
    "        data_extended[i_traj, j_step, :35] = data_np[i_traj, j_step, :]\n",
    "        # # Overwrite target positions with normalized values\n",
    "        # data_extended[i_traj, j_step, 15:24] = target_pos_norm\n",
    "        # Add normalized ee pose\n",
    "        data_extended[i_traj, j_step, 35:38] = p\n",
    "        data_extended[i_traj, j_step, 38:] = R.flatten()"
   ]
  },
  {
   "cell_type": "code",
   "execution_count": 29,
   "id": "3d7f53ac",
   "metadata": {},
   "outputs": [
    {
     "name": "stdout",
     "output_type": "stream",
     "text": [
      "[ 1.10000000e+01  1.31474233e+00  1.15303148e+00  1.13525614e+00\n",
      "  1.44941022e+00 -6.38663018e-01  9.38644129e-01  5.91524606e-01\n",
      " -1.78511221e-02 -3.92443068e-03 -8.91308725e-03  7.77143212e-03\n",
      " -3.90806527e-03 -1.89011501e-02  1.39139268e-03  4.43117333e-01\n",
      " -2.42614808e-01  8.65000000e-01  4.74497475e-01 -1.25502525e-01\n",
      "  8.65000000e-01  3.57385192e-01 -1.56882667e-01  8.65000000e-01\n",
      "  0.00000000e+00  0.00000000e+00  0.00000000e+00  0.00000000e+00\n",
      " -1.77693587e-02 -3.83580150e-03 -8.91295094e-03  7.48425979e-03\n",
      " -3.91306625e-03 -1.89848328e-02  1.31651868e-03  4.52483604e-01\n",
      " -1.68894934e-01  1.22793331e+00 -9.98859484e-01  4.71542806e-02\n",
      "  7.49697610e-03  4.68705625e-02  9.98310293e-01 -3.43468982e-02\n",
      " -9.10391168e-03 -3.39563375e-02 -9.99381852e-01]\n",
      "Current ee pose (pos + R): [ 0.4524836  -0.16889493  1.22793331 -0.99885948  0.04715428  0.00749698\n",
      "  0.04687056  0.99831029 -0.0343469  -0.00910391 -0.03395634 -0.99938185]\n"
     ]
    }
   ],
   "source": [
    "print(data_extended[0, 11, :])\n",
    "# print(f\"\\nNormalized target positions (dims 15:24): {data_extended[0, 11, 15:24]}\")\n",
    "print(f\"Current ee pose (pos + R): {data_extended[0, 11, 35:]}\")"
   ]
  },
  {
   "cell_type": "code",
   "execution_count": 30,
   "id": "07cc7f7b",
   "metadata": {},
   "outputs": [
    {
     "name": "stdout",
     "output_type": "stream",
     "text": [
      "Sample normalized ee poses (pos + R):\n",
      "  Step 11: [ 0.4524836  -0.16889493  1.22793331 -0.99885948  0.04715428  0.00749698\n",
      "  0.04687056  0.99831029 -0.0343469  -0.00910391 -0.03395634 -0.99938185]\n",
      "  Step 12: [ 0.45431507 -0.1680215   1.2210318  -0.99876206  0.04876293  0.00982419\n",
      "  0.04836669  0.99813732 -0.03718271 -0.01161903 -0.03666151 -0.99926019]\n",
      "  Step 13: [ 0.45602985 -0.16709675  1.21409851 -0.99867639  0.05000454  0.01204221\n",
      "  0.04948902  0.99797907 -0.03985743 -0.01401093 -0.03920872 -0.99913281]\n",
      "  Step 14: [ 0.45763106 -0.16611958  1.20713469 -0.99860405  0.05089075  0.01414506\n",
      "  0.05025183  0.99783824 -0.04235085 -0.01626975 -0.04158092 -0.99900266]\n",
      "  Step 15: [ 0.45912203 -0.16508934  1.20014143 -0.99854615  0.05143455  0.01612706\n",
      "  0.05067081  0.99771707 -0.0446443  -0.0183865  -0.04376223 -0.99887277]\n",
      "  Step 16: [ 0.46050628 -0.16400582  1.19311963 -0.99850331  0.05165026  0.01798285\n",
      "  0.050763    0.99761731 -0.04672076 -0.02035314 -0.04573797 -0.99874611]\n",
      "  Step 17: [ 0.46178757 -0.16286928  1.18607002 -0.99847577  0.05155345  0.01970738\n",
      "  0.0505466   0.99754022 -0.04856492 -0.0221626  -0.04749475 -0.99862559]\n",
      "  Step 18: [ 0.46296981 -0.16168045  1.17899312 -0.99846334  0.05116084  0.02129595\n",
      "  0.05004088  0.99748662 -0.05016329 -0.02380882 -0.04902053 -0.99851396]\n",
      "  Step 19: [ 0.46405713 -0.16044051  1.17188925 -0.99846554  0.05049028  0.02274419\n",
      "  0.04926605  0.99745685 -0.05150425 -0.02528681 -0.05030471 -0.99841375]\n",
      "  Step 20: [ 0.46505382 -0.15915109  1.16475854 -0.99848156  0.0495606   0.02404817\n",
      "  0.04824311  0.99745082 -0.05257814 -0.02659267 -0.05133814 -0.99832721]\n"
     ]
    }
   ],
   "source": [
    "print(\"Sample normalized ee poses (pos + R):\")\n",
    "for i in range(11, 21):\n",
    "    print(f\"  Step {i}: {data_extended[0, i, 35:]}\")"
   ]
  },
  {
   "cell_type": "code",
   "execution_count": 31,
   "id": "07b0e216",
   "metadata": {},
   "outputs": [
    {
     "name": "stdout",
     "output_type": "stream",
     "text": [
      "Saved to: /home/arash/catkin_ws/src/feedback_controller/fbc/neural_network/data/torobo/trajs:72_blocks:3_triangle_v_scarce/train_interp_0.85_eef_pos_R_noNorm.npy\n"
     ]
    }
   ],
   "source": [
    "# Save extended data with normalized pose and targets\n",
    "output_path = os.path.join(root_dir, \n",
    "                           f'data/torobo/{ds_name}/train_{ds_type}_eef_pos_R_noNorm.npy')\n",
    "np.save(output_path, data_extended)\n",
    "print(f\"Saved to: {output_path}\")"
   ]
  },
  {
   "cell_type": "code",
   "execution_count": 32,
   "id": "8823339f",
   "metadata": {},
   "outputs": [
    {
     "name": "stdout",
     "output_type": "stream",
     "text": [
      "Saved normalization stats to: /home/arash/catkin_ws/src/feedback_controller/fbc/neural_network/data/torobo/trajs:72_blocks:3_triangle_v_scarce/eef_norm_stats_Rs_interp_0.85.pkl\n"
     ]
    }
   ],
   "source": [
    "# Save all normalization stats for inference\n",
    "norm_stats = {\n",
    "    'euler_mean': euler_mean, \n",
    "    'euler_std': euler_std,\n",
    "    'ee_pos_mean': pos_mean,\n",
    "    'ee_pos_std': pos_std,\n",
    "    'target_pos_mean': target_pos_mean,\n",
    "    'target_pos_std': target_pos_std,\n",
    "    'Rs_mean': Rs_mean,\n",
    "    'Rs_std': Rs_std,\n",
    "}\n",
    "stats_path = os.path.join(root_dir, f'data/torobo/{ds_name}/eef_norm_stats_Rs_{ds_type}.pkl')\n",
    "with open(stats_path, 'wb') as f:\n",
    "    pickle.dump(norm_stats, f)\n",
    "print(f\"Saved normalization stats to: {stats_path}\")"
   ]
  },
  {
   "cell_type": "code",
   "execution_count": 33,
   "id": "ad1c4b8f",
   "metadata": {},
   "outputs": [
    {
     "name": "stdout",
     "output_type": "stream",
     "text": [
      "Saved normalization stats:\n",
      "  euler_mean: [-0.24273071  0.00634201  0.96930292]\n",
      "  euler_std: [3.10951593 0.03861868 2.96679283]\n",
      "  ee_pos_mean: [ 0.43386127 -0.17777938  1.01862981]\n",
      "  ee_pos_std: [0.04539581 0.04351533 0.1066583 ]\n",
      "  target_pos_mean: [ 0.43386127 -0.17777938  1.01862981  0.43386127 -0.17777938  1.01862981\n",
      "  0.43386127 -0.17777938  1.01862981]\n",
      "  target_pos_std: [0.04539581 0.04351533 0.1066583  0.04539581 0.04351533 0.1066583\n",
      " 0.04539581 0.04351533 0.1066583 ]\n",
      "  Rs_mean: [-0.99869348  0.01723911  0.00590579  0.01607018  0.99873905 -0.00872109\n",
      " -0.00632049 -0.0081672  -0.99857101]\n",
      "  Rs_std: [0.00261791 0.02997263 0.03706813 0.02865225 0.00230058 0.03687495\n",
      " 0.03853984 0.03539453 0.0033462 ]\n"
     ]
    }
   ],
   "source": [
    "# Load and verify the saved stats\n",
    "with open(stats_path, \"rb\") as f:\n",
    "    data_pkl = pickle.load(f)\n",
    "\n",
    "print(\"Saved normalization stats:\")\n",
    "for key, val in data_pkl.items():\n",
    "    print(f\"  {key}: {val}\")"
   ]
  },
  {
   "cell_type": "code",
   "execution_count": 35,
   "id": "c72f45fb",
   "metadata": {},
   "outputs": [
    {
     "name": "stdout",
     "output_type": "stream",
     "text": [
      "=== Verification: Post-normalization statistics ===\n",
      "\n",
      "EE repr (pos + Rs) - dims 35::\n",
      "  Mean: [ 0.43386127 -0.17777938  1.01862981 -0.99869348  0.01723911  0.00590579\n",
      "  0.01607018  0.99873905 -0.00872109 -0.00632049 -0.0081672  -0.99857101]\n",
      "  Std:  [0.04539581 0.04351533 0.1066583  0.00261791 0.02997263 0.03706813\n",
      " 0.02865225 0.00230058 0.03687495 0.03853984 0.03539453 0.0033462 ]\n",
      "\n",
      "Target positions - dims 15:24:\n",
      "  Mean: [ 0.42621263 -0.1734421   0.865       0.42304451 -0.17472878  0.865\n",
      "  0.42574286 -0.17682912  0.865     ]\n",
      "  Std:  [4.89900887e-02 4.99607215e-02 1.88848936e-13 4.96197193e-02\n",
      " 4.93354430e-02 1.88848936e-13 4.98197591e-02 4.91334315e-02\n",
      " 1.88848936e-13]\n"
     ]
    }
   ],
   "source": [
    "# Verify normalization - all dimensions should have similar scales\n",
    "ee_repr = data_extended[:, :, 35:].reshape(-1, 12)\n",
    "target_repr = data_extended[:, :, 15:24].reshape(-1, 9)\n",
    "\n",
    "print(\"=== Verification: Post-normalization statistics ===\")\n",
    "print(f\"\\nEE repr (pos + Rs) - dims 35::\")\n",
    "print(f\"  Mean: {ee_repr.mean(axis=0)}\")\n",
    "print(f\"  Std:  {ee_repr.std(axis=0)}\")\n",
    "\n",
    "print(f\"\\nTarget positions - dims 15:24:\")\n",
    "print(f\"  Mean: {target_repr.mean(axis=0)}\")\n",
    "print(f\"  Std:  {target_repr.std(axis=0)}\")"
   ]
  },
  {
   "cell_type": "code",
   "execution_count": null,
   "id": "df6fe3f6",
   "metadata": {},
   "outputs": [],
   "source": []
  }
 ],
 "metadata": {
  "kernelspec": {
   "display_name": "dnfc2",
   "language": "python",
   "name": "python3"
  },
  "language_info": {
   "codemirror_mode": {
    "name": "ipython",
    "version": 3
   },
   "file_extension": ".py",
   "mimetype": "text/x-python",
   "name": "python",
   "nbconvert_exporter": "python",
   "pygments_lexer": "ipython3",
   "version": "3.9.23"
  }
 },
 "nbformat": 4,
 "nbformat_minor": 5
}
